(1,1905)
(1,1900)
(1,1891)
(1,1893)
(1,1910)
(2,1894)
(2,1895)
(2,1912)
(2,1909)
(3,1913)
(3,1898)
(4,1918)
(5,1917)
(9,1923)
(9,1915)
(9,1914)
(10,1920)
(12,1921)
(12,1919)
(14,1916)
(14,1924)
(16,1922)
(18,1925)
(20,1927)
(21,1926)
(26,1928)
(30,1929)
(44,1930)
(53,1931)
(64,1944)
(66,1939)
(67,1946)
(71,1945)
(71,1938)
(72,1947)
(72,1934)
(74,1948)
(75,1935)
(77,1932)
(78,1933)
(79,1936)
(79,1942)
(82,1961)
(82,1937)
(83,1951)
(83,1943)
(83,1953)
(83,1940)
(85,1956)
(85,1941)
(87,1954)
(90,1955)
(90,1960)
(92,1958)
(92,1950)
(92,1949)
(93,1963)
(95,1952)
(96,1959)
(98,1962)
(104,1957)
(113,1964)
(114,1965)
(115,1969)
(116,2015)
(122,1967)
(126,1976)
(131,1966)
(133,1974)
(134,1973)
(134,1979)
(135,1968)
(139,1975)
(139,1978)
(143,1977)
(145,1971)
(145,1970)
(154,1972)
(163,1980)
(168,1982)
(173,1984)
(174,1983)
(179,1981)
(203,1985)
(217,1986)
(249,1989)
(249,1987)
(253,1991)
(256,1988)
(258,1990)
(273,1992)
(290,1993)
(338,1994)
(368,1995)
(401,1996)
(410,1997)
(411,1998)
(418,1999)
(470,2000)
(503,2001)
(507,2003)
(551,2002)
(570,2004)
(580,2005)
(651,2014)
(670,2006)
(728,2007)
(778,2008)
(783,2010)
(802,2011)
(836,2012)
(842,2013)
(895,2009)
(6439,0)
